/Users/Yancey/Documents/LectureRelated/CS-682/CV_proj/HW2/ST2MainHall4/ST2MainHall4010.jpg
[510 396]   [ 70 396]   [282 396]   [290 396]   [ 77 396]   [515 396]   [1112  396]   [  1 396]   
[280 396]   [159 396]   [1108  396]   [510 502]   [ 70 502]   [282 502]   [290 502]   
[ 77 502]   [515 502]   [1113  502]   [  1 502]   [278 502]   [157 502]   [1109  502]   
[510 396]   [510 502]   [510 814]   [510 358]   [510 361]   [510 740]   [510 505]   
[ 70 396]   [ 70 502]   [ 70 814]   [ 70 358]   [ 70 361]   [ 70 740]   [ 70 505]   
[282 396]   [282 502]   [282 814]   [282 358]   [282 361]   [282 740]   [282 505]   
[510 814]   [ 70 814]   [282 814]   [290 814]   [ 77 814]   [515 814]   [1119  814]   
[  1 814]   [272 814]   [151 814]   [1115  814]   [290 396]   [290 502]   [290 814]   
[290 358]   [290 361]   [290 740]   [290 505]   [510 358]   [ 70 358]   [282 358]   
[290 358]   [ 77 358]   [515 358]   [1111  358]   [  1 358]   [280 358]   [159 358]   
[1107  358]   [ 77 396]   [ 77 502]   [ 77 814]   [ 77 358]   [ 77 361]   [ 77 740]   
[ 77 505]   [510 361]   [ 70 361]   [282 361]   [290 361]   [ 77 361]   [515 361]   
[1111  361]   [  1 361]   [280 361]   [159 361]   [1107  361]   [515 396]   [515 502]   
[515 814]   [515 358]   [515 361]   [515 740]   [515 505]   [1112  396]   [1113  502]   
[1119  814]   [1111  358]   [1111  361]   [1118  740]   [1113  505]   [  1 396]   [  1 502]   
[  1 814]   [  1 358]   [  1 361]   [  1 740]   [  1 505]   [280 396]   [278 502]   
[272 814]   [280 358]   [280 361]   [274 740]   [278 505]   [510 740]   [ 70 740]   
[282 740]   [290 740]   [ 77 740]   [515 740]   [1118  740]   [  1 740]   [274 740]   
[153 740]   [1114  740]   [510 505]   [ 70 505]   [282 505]   [290 505]   [ 77 505]   
[515 505]   [1113  505]   [  1 505]   [278 505]   [157 505]   [1109  505]   [159 396]   
[157 502]   [151 814]   [159 358]   [159 361]   [153 740]   [157 505]   [1108  396]   
[1109  502]   [1115  814]   [1107  358]   [1107  361]   [1114  740]   [1109  505]   
----------------------------------------------
/Users/Yancey/Documents/LectureRelated/CS-682/CV_proj/HW2/ST2MainHall4/ST2MainHall4026.jpg
[595 690]   [592 527]   [595 707]   [588 303]   [592 532]   [595 700]   [592 518]   [588 313]   
[595 718]   [595 701]   [595 690]   [835 583]   [194 869]   [665 659]   [512 727]   
[838 582]   [834 584]   [834 583]   [561 705]   [920 545]   [454 753]   [758 617]   
[592 527]   [835 583]   [194 435]   [829 582]   [663 544]   [512 509]   [841 585]   
[814 578]   [562 520]   [1043  632]   [852 587]   [454 495]   [858 589]   [757 566]   
[194 869]   [194 435]   [194 920]   [194 448]   [194 922]   [194 412]   [194  36]   
[194 923]   [194 871]   [595 707]   [829 582]   [194 920]   [665 669]   [512 751]   
[836 579]   [828 583]   [829 582]   [562 725]   [911 539]   [454 782]   [758 620]   
[665 659]   [663 544]   [665 669]   [660 384]   [663 547]   [665 661]   [663 538]   
[660 363]   [666 683]   [665 671]   [512 727]   [512 509]   [512 751]   [512 218]   
[512 515]   [512 746]   [512 497]   [512 259]   [512 761]   [512 736]   [588 303]   
[838 582]   [841 585]   [836 579]   [660 384]   [512 218]   [842 585]   [828 570]   
[842 586]   [562 274]   [611 329]   [846 590]   [454 154]   [849 593]   [756 490]   
[592 532]   [834 584]   [194 448]   [828 583]   [663 547]   [512 515]   [842 585]   
[812 579]   [562 526]   [1037  627]   [852 588]   [454 503]   [858 589]   [758 568]   
[595 700]   [814 578]   [194 922]   [665 661]   [512 746]   [828 570]   [812 579]   
[814 578]   [562 718]   [899 531]   [454 778]   [587 704]   [758 609]   [592 518]   
[834 583]   [194 412]   [829 582]   [663 538]   [512 497]   [842 586]   [814 578]   
[562 510]   [1062  644]   [851 588]   [453 481]   [857 589]   [757 563]   [561 705]   
[562 520]   [562 725]   [562 274]   [562 526]   [562 718]   [562 510]   [562 294]   
[562 736]   [562 715]   [588 313]   [920 545]   [1043  632]   [194  36]   [911 539]   
[660 363]   [512 259]   [611 329]   [1037  627]   [899 531]   [1062  644]   [562 294]   
[926 550]   [454 219]   [936 556]   [755 430]   [595 718]   [852 587]   [194 923]   
[666 683]   [512 761]   [846 590]   [852 588]   [851 588]   [562 736]   [926 550]   
[454 791]   [759 635]   [454 753]   [454 495]   [454 782]   [454 154]   [454 503]   
[454 778]   [453 481]   [454 219]   [454 791]   [454 761]   [595 701]   [858 589]   
[194 871]   [665 671]   [512 736]   [849 593]   [858 589]   [587 704]   [857 589]   
[562 715]   [936 556]   [454 761]   [759 631]   [758 617]   [757 566]   [758 620]   
[756 490]   [758 568]   [758 609]   [757 563]   [755 430]   [759 635]   [759 631]   

----------------------------------------------
/Users/Yancey/Documents/LectureRelated/CS-682/CV_proj/HW2/ST2MainHall4/ST2MainHall4046.jpg
[120 942]   [ 119 1131]   [120 890]   [120 912]   [1594  191]   [1594  265]   [1594  255]   [426 786]   
[425 883]   [426 212]   [426 209]   [426 761]   [426 775]   [120 942]   [1594  191]   
[426 786]   [1596  190]   [1452  263]   [179 911]   [1366  307]   [751 620]   [806 592]   
[157 922]   [428 784]   [168 917]   [816 587]   [429 784]   [424 787]   [748 621]   
[1573  201]   [124 940]   [1574  201]   [1596  190]   [1596  264]   [1596  254]   [1452  263]   
[1449   55]   [1453  324]   [1453  318]   [179 911]   [ 182 1080]   [179 865]   [179 885]   
[1366  307]   [1366  122]   [1366 1152]   [1366 1117]   [1366  362]   [1366  357]   [ 119 1131]   
[425 883]   [751 620]   [1449   55]   [ 182 1080]   [1366  122]   [797 583]   [ 154 1103]   
[430 880]   [ 168 1092]   [805 576]   [429 881]   [744 625]   [423 885]   [748 622]   
[ 124 1128]   [722 643]   [426 212]   [806 592]   [1366 1152]   [797 583]   [418 205]   
[429 215]   [811 597]   [424 210]   [752 539]   [815 602]   [157 922]   [ 154 1103]   
[158 874]   [158 894]   [428 784]   [430 880]   [418 205]   [418 202]   [428 760]   
[428 774]   [168 917]   [ 168 1092]   [168 870]   [168 890]   [426 209]   [816 587]   
[1366 1117]   [805 576]   [418 202]   [429 212]   [822 592]   [424 207]   [753 526]   
[827 597]   [429 784]   [429 881]   [429 215]   [429 212]   [429 759]   [429 774]   
[120 890]   [1594  265]   [426 761]   [1596  264]   [1453  324]   [179 865]   [1366  362]   
[744 625]   [811 597]   [158 874]   [428 760]   [168 870]   [822 592]   [429 759]   
[424 761]   [748 624]   [1575  273]   [124 889]   [1573  273]   [424 787]   [423 885]   
[424 210]   [424 207]   [424 761]   [424 776]   [748 621]   [748 622]   [752 539]   
[753 526]   [748 624]   [747 632]   [1573  201]   [1575  273]   [1575  264]   [124 940]   
[ 124 1128]   [124 889]   [124 910]   [120 912]   [1594  255]   [426 775]   [1596  254]   
[1453  318]   [179 885]   [1366  357]   [722 643]   [815 602]   [158 894]   [428 774]   
[168 890]   [827 597]   [429 774]   [424 776]   [747 632]   [1575  264]   [124 910]   
[1574  264]   [1574  201]   [1573  273]   [1574  264]   
----------------------------------------------
/Users/Yancey/Documents/LectureRelated/CS-682/CV_proj/HW2/ST2MainHall4/ST2MainHall4066.jpg
[ 11 473]   [1124  454]   [ 10 473]   [497 465]   [1127  454]   [263 469]   [1060  455]   [1060  455]   
[1127  454]   [1126  454]   [932 457]   [1131  454]   [ 22 473]   [500 465]   [258 469]   
[1427  449]   [ 12 548]   [1125  529]   [ 10 548]   [497 540]   [1128  529]   [264 544]   
[1061  530]   [1060  530]   [1130  529]   [1126  529]   [932 532]   [1132  529]   [ 22 548]   
[500 540]   [258 544]   [1430  524]   [ 11 473]   [ 12 548]   [ 13 576]   [  5 120]   
[ 16 764]   [ 10 447]   [  5 122]   [1124  454]   [1125  529]   [1125  557]   [1118  120]   
[1129  745]   [1123  428]   [1118  122]   [ 10 473]   [ 10 548]   [ 10 576]   [ 10 120]   
[ 10 764]   [ 10 447]   [ 10 122]   [497 465]   [497 540]   [497 568]   [497 120]   
[497 756]   [497 439]   [497 122]   [ 13 576]   [1125  557]   [ 10 576]   [497 568]   
[1128  557]   [265 572]   [1061  558]   [1060  558]   [1131  557]   [1126  557]   [932 560]   
[1132  557]   [ 22 576]   [500 568]   [258 572]   [1431  552]   [1127  454]   [1128  529]   
[1128  557]   [1121  120]   [1132  745]   [1126  428]   [1121  122]   [263 469]   [264 544]   
[265 572]   [257 120]   [268 760]   [262 443]   [257 122]   [  5 120]   [1118  120]   
[ 10 120]   [497 120]   [1121  120]   [257 120]   [1054  120]   [1060  120]   [1115  120]   
[1126  120]   [932 120]   [1125  120]   [ 22 120]   [500 120]   [258 120]   [1416  120]   
[1060  455]   [1061  530]   [1061  558]   [1054  120]   [1065  746]   [1059  429]   [1054  122]   
[ 16 764]   [1129  745]   [ 10 764]   [497 756]   [1132  745]   [268 760]   [1065  746]   
[1060  746]   [1137  745]   [1126  745]   [932 748]   [1136  745]   [ 22 764]   [500 756]   
[258 760]   [1437  740]   [1060  455]   [1060  530]   [1060  558]   [1060  120]   [1060  746]   
[1060  429]   [1060  122]   [1127  454]   [1130  529]   [1131  557]   [1115  120]   [1137  745]   
[1126  428]   [1115  122]   [1126  454]   [1126  529]   [1126  557]   [1126  120]   [1126  745]   
[1126  428]   [1126  122]   [932 457]   [932 532]   [932 560]   [932 120]   [932 748]   
[932 431]   [932 122]   [1131  454]   [1132  529]   [1132  557]   [1125  120]   [1136  745]   
[1130  428]   [1125  122]   [ 22 473]   [ 22 548]   [ 22 576]   [ 22 120]   [ 22 764]   
[ 22 447]   [ 22 122]   [500 465]   [500 540]   [500 568]   [500 120]   [500 756]   
[500 439]   [500 122]   [ 10 447]   [1123  428]   [ 10 447]   [497 439]   [1126  428]   
[262 443]   [1059  429]   [1060  429]   [1126  428]   [1126  428]   [932 431]   [1130  428]   
[ 22 447]   [500 439]   [258 443]   [1426  423]   [258 469]   [258 544]   [258 572]   
[258 120]   [258 760]   [258 443]   [258 122]   [  5 122]   [1118  122]   [ 10 122]   
[497 122]   [1121  122]   [257 122]   [1054  122]   [1060  122]   [1115  122]   [1126  122]   
[932 122]   [1125  122]   [ 22 122]   [500 122]   [258 122]   [1416  122]   [1427  449]   
[1430  524]   [1431  552]   [1416  120]   [1437  740]   [1426  423]   [1416  122]   
----------------------------------------------
/Users/Yancey/Documents/LectureRelated/CS-682/CV_proj/HW2/ST2MainHall4/ST2MainHall4095.jpg
[1543  380]   [1544  927]   [1544  961]   [1544  998]   [1543  380]   [796 594]   [1296  451]   [826 585]   
[813 589]   [812 589]   [ 79 799]   [808 591]   [912 561]   [1539  381]   [1544  927]   
[796 594]   [1302  819]   [814 602]   [806 598]   [ 70 271]   [868 626]   [1549  929]   
[1296  451]   [1302  819]   [1302  838]   [1303  865]   [1288    3]   [826 585]   [814 602]   
[821 593]   [818 596]   [1544  961]   [813 589]   [1302  838]   [821 593]   [812 589]   
[ 69 210]   [872 619]   [1550  964]   [812 589]   [806 598]   [812 589]   [810 592]   
[ 79 799]   [ 70 271]   [ 69 210]   [ 69 181]   [1544  998]   [808 591]   [1303  865]   
[818 596]   [810 592]   [ 69 181]   [869 624]   [1550 1002]   [912 561]   [868 626]   
[1288    3]   [872 619]   [869 624]   [1539  381]   [1549  929]   [1550  964]   [1550 1002]   

----------------------------------------------
